{
 "cells": [
  {
   "cell_type": "code",
   "execution_count": 12,
   "metadata": {},
   "outputs": [],
   "source": [
    "from __future__ import absolute_import\n",
    "from __future__ import division\n",
    "from __future__ import print_function\n",
    "\n",
    "import numpy as np\n",
    "import tensorflow as tf\n",
    "\n",
    "import os\n",
    "os.environ[\"CUDA_DEVICE_ORDER\"]=\"PCI_BUS_ID\"   # see issue #152\n",
    "os.environ[\"CUDA_VISIBLE_DEVICES\"]=\"0\"\n",
    "\n",
    "tf.logging.set_verbosity(tf.logging.INFO)\n",
    "\n",
    "\"\"\"\n",
    "CNN architecture:\n",
    "    1. Conv layer #1: 32 5x5 filters, with ReLU\n",
    "    2. Pooling layer #1: Max pooling with a 2x2 filter and stride of 2 (pooled regions do not overlap)\n",
    "    3. Conv layer #2: 64 5x5 filters, with ReLU\n",
    "    4. Pooling layer #2: Max pooling with a 2x2 filter and stride of 2\n",
    "    5. Dense layer #1: 1,024 neurons, with dropout rate of 0.4 (will be dropped)\n",
    "    6. Dense layer #2 (Logits layer): 10 neurons, one for each digit target class (0-9)\n",
    "\"\"\"\n",
    "def cnn_model_fn(features, labels, mode):\n",
    "    # Input layer\n",
    "    input_layer = tf.reshape(features[\"x\"], [-1, 28, 28, 1]) # -1 can be used to flattening or infering the shape\n",
    "    \n",
    "    \n",
    "    # Conv layer #1\n",
    "    conv1 = tf.layers.conv2d(\n",
    "        inputs=input_layer,\n",
    "        filters=32,\n",
    "        kernel_size=[5,5],\n",
    "        padding=\"same\",\n",
    "        activation=tf.nn.relu)\n",
    "    \n",
    "    # Pooling layer #1\n",
    "    pool1 = tf.layers.max_pooling2d(\n",
    "        inputs=conv1,\n",
    "        pool_size=[2,2],\n",
    "        strides=2)\n",
    "    \n",
    "    # Conv layer #2\n",
    "    conv2 = tf.layers.conv2d(\n",
    "        inputs=pool1,\n",
    "        filters=64,\n",
    "        kernel_size=[5,5],\n",
    "        padding=\"same\",\n",
    "        activation=tf.nn.relu)\n",
    "    \n",
    "    # Pooling layer #2\n",
    "    pool2 = tf.layers.max_pooling2d(\n",
    "        inputs=conv2,\n",
    "        pool_size=[2,2],\n",
    "        strides=2)\n",
    "    \n",
    "    # Dense layer #1\n",
    "    pool2_flat = tf.reshape(pool2, [-1, 7*7*64])\n",
    "    dense = tf.layers.dense(\n",
    "        inputs=pool2_flat,\n",
    "        units=1024,\n",
    "        activation=tf.nn.relu)\n",
    "    dropout = tf.layers.dropout(\n",
    "        inputs=dense,\n",
    "        rate=0.4,\n",
    "        training=mode == tf.estimator.ModeKeys.TRAIN)\n",
    "        \n",
    "    # Dense layer #2 (Logits layer)\n",
    "    logits = tf.layers.dense(inputs=dropout, units=10)\n",
    "    \n",
    "    predictions = {\n",
    "        # Generate predictions (for PREDICT and EVAL mode)\n",
    "        \"classes\": tf.argmax(input=logits, axis=1),\n",
    "        # Add 'softmax_tensor' to the graph. It is used for PREDICT and by the 'logging_hook'.\n",
    "        \"probabilities\": tf.nn.softmax(logits, name=\"softmax_tensor\")\n",
    "    }\n",
    "    \n",
    "    if mode == tf.estimator.ModeKeys.PREDICT:\n",
    "        return tf.estimator.EstimatorSpec(mode=mode, predictions=predictions)\n",
    "    \n",
    "    # Calculate Loss (for both TRAIN and EVAL modes)\n",
    "    loss = tf.losses.sparse_softmax_cross_entropy(labels=labels, logits=logits)\n",
    "    \n",
    "    # Configure the Training Op (for TRAIN mode)\n",
    "    if mode == tf.estimator.ModeKeys.TRAIN:\n",
    "        #optimizer = tf.train.GradientDescentOptimizer(learning_rate=0.001)\n",
    "        optimizer = tf.train.AdamOptimizer(learning_rate=0.001)\n",
    "        train_op = optimizer.minimize(\n",
    "            loss=loss,\n",
    "            global_step=tf.train.get_global_step())\n",
    "        return tf.estimator.EstimatorSpec(mode=mode, loss=loss, train_op=train_op)\n",
    "    \n",
    "    # Add evaluation metrics (for EVAL mode)\n",
    "    eval_metric_ops = {\n",
    "        \"accuracy\": tf.metrics.accuracy(\n",
    "            labels=labels, predictions=predictions[\"classes\"])}\n",
    "    return tf.estimator.EstimatorSpec(\n",
    "        mode=mode, loss=loss, eval_metric_ops=eval_metric_ops)\n",
    "        \n",
    "def main(unused_argv):\n",
    "    # Load training and eval data\n",
    "    mnist = tf.contrib.learn.datasets.load_dataset(\"mnist\")\n",
    "    train_data = mnist.train.images # Returns np.array\n",
    "    train_labels = np.asarray(mnist.train.labels, dtype=np.int32)\n",
    "    eval_data = mnist.test.images # Returns np.array\n",
    "    eval_labels = np.asarray(mnist.test.labels, dtype=np.int32)\n",
    "    \n",
    "    # Create the Estimator\n",
    "    mnist_classifier = tf.estimator.Estimator(\n",
    "        model_fn=cnn_model_fn, model_dir=\"/home/hpc/github/deep-learning-models/TensorFlow_Tutorial/ConvNet/model_checkpoint/\")\n",
    "    \n",
    "    # Set up logging for predictions\n",
    "    tensors_to_log = {\"probabilities\": \"softmax_tensor\"}\n",
    "    logging_hook = tf.train.LoggingTensorHook(\n",
    "        tensors=tensors_to_log, every_n_iter=50)\n",
    "    \n",
    "    # Train the model\n",
    "    train_input_fn = tf.estimator.inputs.numpy_input_fn(\n",
    "        x={\"x\": train_data},\n",
    "        y=train_labels,\n",
    "        batch_size=100,\n",
    "        num_epochs=None,\n",
    "        shuffle=True)\n",
    "    mnist_classifier.train(\n",
    "        input_fn=train_input_fn,\n",
    "        steps=2000,\n",
    "        hooks=[logging_hook])\n",
    "    \n",
    "    # Evaluate the model and print results\n",
    "    eval_input_fn = tf.estimator.inputs.numpy_input_fn(\n",
    "        x={\"x\": eval_data},\n",
    "        y=eval_labels,\n",
    "        num_epochs=1,\n",
    "        shuffle=False)\n",
    "    eval_results = mnist_classifier.evaluate(input_fn=eval_input_fn)\n",
    "    #print(eval_results)"
   ]
  },
  {
   "cell_type": "code",
   "execution_count": 13,
   "metadata": {},
   "outputs": [
    {
     "name": "stdout",
     "output_type": "stream",
     "text": [
      "Extracting MNIST-data/train-images-idx3-ubyte.gz\n",
      "Extracting MNIST-data/train-labels-idx1-ubyte.gz\n",
      "Extracting MNIST-data/t10k-images-idx3-ubyte.gz\n",
      "Extracting MNIST-data/t10k-labels-idx1-ubyte.gz\n",
      "INFO:tensorflow:Using default config.\n",
      "INFO:tensorflow:Using config: {'_session_config': None, '_save_checkpoints_steps': None, '_cluster_spec': <tensorflow.python.training.server_lib.ClusterSpec object at 0x7f04eec680b8>, '_save_checkpoints_secs': 600, '_keep_checkpoint_every_n_hours': 10000, '_master': '', '_model_dir': '/home/hpc/github/deep-learning-models/TensorFlow_Tutorial/ConvNet/model_checkpoint/', '_is_chief': True, '_num_worker_replicas': 1, '_save_summary_steps': 100, '_tf_random_seed': None, '_log_step_count_steps': 100, '_task_type': 'worker', '_num_ps_replicas': 0, '_task_id': 0, '_keep_checkpoint_max': 5, '_service': None}\n",
      "INFO:tensorflow:Create CheckpointSaverHook.\n",
      "INFO:tensorflow:Saving checkpoints for 1 into /home/hpc/github/deep-learning-models/TensorFlow_Tutorial/ConvNet/model_checkpoint/model.ckpt.\n",
      "INFO:tensorflow:probabilities = [[0.09826331 0.12178604 0.09507944 0.09970077 0.09593993 0.10655996\n",
      "  0.08897685 0.10950956 0.09376041 0.09042376]\n",
      " [0.09322057 0.11338365 0.09493195 0.0927107  0.09389328 0.11130822\n",
      "  0.09262446 0.10885014 0.10232951 0.09674748]\n",
      " [0.09998056 0.10852826 0.08862199 0.09143832 0.10235835 0.11285206\n",
      "  0.09519256 0.10540306 0.09852193 0.0971029 ]\n",
      " [0.10678594 0.1059661  0.08558159 0.10908001 0.08598295 0.10216509\n",
      "  0.09253741 0.11220548 0.09918672 0.10050867]\n",
      " [0.09631044 0.10961113 0.09557079 0.1012589  0.09665608 0.11146253\n",
      "  0.08912664 0.10038355 0.10191033 0.09770966]\n",
      " [0.10067185 0.10436626 0.09166978 0.10331682 0.09350559 0.10301127\n",
      "  0.09178889 0.11376171 0.09994306 0.09796473]\n",
      " [0.10921036 0.11206082 0.09077559 0.10111101 0.08905111 0.11604544\n",
      "  0.08939137 0.09697969 0.10081224 0.09456235]\n",
      " [0.09034234 0.11882499 0.10124707 0.09060977 0.08857442 0.10459424\n",
      "  0.10189647 0.11222473 0.09920009 0.09248585]\n",
      " [0.08195172 0.1219881  0.09048833 0.09477491 0.09893426 0.1162307\n",
      "  0.09159466 0.11362647 0.09471909 0.09569175]\n",
      " [0.09987832 0.10319739 0.09600198 0.11760535 0.09494618 0.10085557\n",
      "  0.09118574 0.09606893 0.10431909 0.09594148]\n",
      " [0.08898821 0.09527528 0.10032448 0.09529849 0.09543815 0.10007112\n",
      "  0.09723224 0.11843758 0.10429036 0.10464413]\n",
      " [0.10212151 0.116339   0.08842928 0.109813   0.07993482 0.1114145\n",
      "  0.0892029  0.12029721 0.09849551 0.08395233]\n",
      " [0.10970765 0.10885327 0.10253783 0.09946334 0.08154818 0.10108786\n",
      "  0.09355117 0.11152764 0.10106866 0.09065435]\n",
      " [0.09221931 0.1150862  0.0935345  0.10521672 0.10184714 0.10987802\n",
      "  0.08709895 0.09905213 0.10040067 0.09566639]\n",
      " [0.09286567 0.12044049 0.10515164 0.09732496 0.08096128 0.11367015\n",
      "  0.08739455 0.10228722 0.1040659  0.09583812]\n",
      " [0.1067579  0.10371499 0.09992287 0.09028883 0.08569031 0.10265661\n",
      "  0.09988569 0.11715713 0.10295743 0.09096817]\n",
      " [0.09990913 0.10607249 0.10297597 0.09388125 0.08873959 0.10893036\n",
      "  0.09006594 0.10813737 0.10001487 0.101273  ]\n",
      " [0.09477672 0.11727723 0.10951872 0.09511923 0.07218453 0.11623444\n",
      "  0.09504482 0.10433649 0.10442477 0.09108301]\n",
      " [0.09254385 0.11616034 0.08945197 0.09442334 0.0955027  0.10963378\n",
      "  0.08835214 0.11381138 0.1030293  0.0970912 ]\n",
      " [0.10574974 0.11011033 0.10132885 0.10214423 0.09380513 0.11019082\n",
      "  0.08005679 0.108977   0.09576815 0.09186893]\n",
      " [0.09336967 0.12037519 0.09950287 0.10307758 0.0935339  0.09272078\n",
      "  0.09464048 0.10951076 0.10097945 0.09228922]\n",
      " [0.10730359 0.10953383 0.0961728  0.09390946 0.09189041 0.10639161\n",
      "  0.093732   0.10537694 0.10011867 0.09557071]\n",
      " [0.09131151 0.10668601 0.09568439 0.09511943 0.090426   0.11335298\n",
      "  0.09104183 0.11315644 0.09864651 0.1045749 ]\n",
      " [0.10497142 0.10236697 0.10463956 0.09719102 0.08951522 0.09989133\n",
      "  0.09626602 0.10966863 0.09956271 0.0959271 ]\n",
      " [0.1093221  0.11004427 0.09814093 0.10061191 0.09320003 0.09891628\n",
      "  0.09190229 0.10732152 0.10607177 0.08446886]\n",
      " [0.08713645 0.1194428  0.09375586 0.09599264 0.09382    0.10877603\n",
      "  0.09984113 0.09947462 0.10624836 0.09551214]\n",
      " [0.10015135 0.10824442 0.08466332 0.10242682 0.08876556 0.10596336\n",
      "  0.10331494 0.11277661 0.09719437 0.09649926]\n",
      " [0.08969315 0.10833512 0.10788881 0.10874007 0.08317047 0.10461758\n",
      "  0.09476147 0.10198216 0.10142293 0.09938829]\n",
      " [0.08063807 0.102453   0.09604875 0.102521   0.08131976 0.11182841\n",
      "  0.10308056 0.11276335 0.10601878 0.10332839]\n",
      " [0.0902016  0.10705243 0.09326854 0.11697528 0.0828856  0.10756681\n",
      "  0.09976288 0.11328084 0.09017211 0.0988339 ]\n",
      " [0.09522773 0.11800336 0.07826438 0.10839663 0.08925647 0.11575069\n",
      "  0.09161033 0.10118784 0.09881909 0.10348347]\n",
      " [0.08886661 0.1043886  0.0915243  0.09476945 0.08751609 0.11225016\n",
      "  0.09997976 0.12008981 0.09862883 0.10198633]\n",
      " [0.09534095 0.1108937  0.09975253 0.09226704 0.08893862 0.1173549\n",
      "  0.09656334 0.10550834 0.09407769 0.09930288]\n",
      " [0.09152992 0.11147702 0.10798693 0.09717774 0.08813126 0.10773987\n",
      "  0.09162106 0.10635863 0.09876857 0.09920893]\n",
      " [0.1130125  0.12381957 0.08866829 0.10475595 0.0902487  0.1172364\n",
      "  0.08126251 0.09907363 0.09701869 0.08490381]\n",
      " [0.09925137 0.11326666 0.101078   0.09879518 0.08780464 0.10846095\n",
      "  0.08656254 0.1116427  0.09854385 0.09459414]\n",
      " [0.09304964 0.1189448  0.09088037 0.08821818 0.09473191 0.11555049\n",
      "  0.09496688 0.10590129 0.10186167 0.09589471]\n",
      " [0.09513252 0.11983294 0.09855707 0.09771463 0.09941766 0.10556704\n",
      "  0.09154766 0.10344937 0.09790585 0.09087527]\n",
      " [0.10722338 0.10420994 0.09520556 0.10492145 0.09685267 0.11069045\n",
      "  0.08344933 0.09386393 0.10228371 0.10129949]\n",
      " [0.08886144 0.10947767 0.10529331 0.09156784 0.08778323 0.11822657\n",
      "  0.08787914 0.11800837 0.09935689 0.0935455 ]\n",
      " [0.09247124 0.11558367 0.09534532 0.09695973 0.09446359 0.10346985\n",
      "  0.09612161 0.10697901 0.10497361 0.09363235]\n",
      " [0.09860166 0.10593324 0.09739301 0.10712221 0.09329754 0.10218935\n",
      "  0.09046999 0.10595024 0.10800738 0.09103534]\n",
      " [0.09896357 0.1169112  0.09743139 0.098805   0.09018709 0.09972498\n",
      "  0.08497871 0.11100239 0.10243368 0.09956194]\n",
      " [0.09151773 0.12691306 0.08972662 0.0990111  0.08568441 0.11954994\n",
      "  0.08737221 0.10703673 0.094707   0.09848124]\n",
      " [0.09789903 0.11091514 0.09573319 0.09224598 0.09994529 0.10241879\n",
      "  0.10322718 0.10814804 0.09435871 0.0951087 ]\n",
      " [0.09078299 0.10622196 0.0947066  0.0997519  0.09850128 0.1122374\n",
      "  0.09659092 0.11098103 0.09806757 0.09215831]\n",
      " [0.09009738 0.10861672 0.09536263 0.10086866 0.09745739 0.12039589\n",
      "  0.08216579 0.10681898 0.11004521 0.08817126]\n",
      " [0.09510923 0.10896809 0.09194823 0.10354062 0.0948634  0.10485644\n",
      "  0.08770936 0.10302839 0.10936212 0.10061409]\n",
      " [0.10156442 0.11770336 0.09062141 0.10174179 0.09091024 0.1195439\n",
      "  0.08536334 0.108752   0.0936143  0.09018517]\n",
      " [0.10048404 0.11441655 0.10611896 0.10071765 0.0843104  0.10988431\n",
      "  0.08636545 0.10454869 0.10506427 0.08808978]\n",
      " [0.10072444 0.10767725 0.08730476 0.1139579  0.0913483  0.0991789\n",
      "  0.0974529  0.10526863 0.0984266  0.09866033]\n",
      " [0.10051402 0.11223921 0.08725116 0.11054465 0.08927458 0.10851962\n",
      "  0.08243554 0.12457407 0.10283809 0.08180904]\n",
      " [0.10134536 0.11049594 0.09669297 0.10775802 0.0924407  0.1065344\n",
      "  0.08897458 0.09523236 0.09930286 0.10122284]\n",
      " [0.09200396 0.1153743  0.08342789 0.09961036 0.08594868 0.11401941\n",
      "  0.09591758 0.10354534 0.11690526 0.09324716]\n",
      " [0.09749202 0.10755441 0.09639082 0.10582325 0.09760289 0.10557275\n",
      "  0.09257115 0.09873004 0.10288513 0.09537756]\n",
      " [0.0940808  0.11030655 0.09346865 0.09616404 0.09576645 0.09588157\n",
      "  0.10135498 0.12094239 0.09655606 0.09547844]\n",
      " [0.10642999 0.10122285 0.09266064 0.09799445 0.09613646 0.11148851\n",
      "  0.08192033 0.10993484 0.09915141 0.10306053]\n",
      " [0.09893589 0.1116614  0.10296347 0.09412161 0.08755307 0.10517822\n",
      "  0.09739812 0.10190742 0.10106866 0.09921208]\n",
      " [0.09382888 0.1068773  0.10183357 0.09871734 0.0949057  0.0987388\n",
      "  0.10018469 0.10979545 0.0986641  0.09645408]\n",
      " [0.09928946 0.10404432 0.09096354 0.09560912 0.09364193 0.11327409\n",
      "  0.09341124 0.10386394 0.0993089  0.10659339]\n",
      " [0.10137253 0.11950363 0.09803236 0.10673332 0.09194265 0.11012284\n",
      "  0.08716227 0.09821829 0.09558799 0.09132411]\n",
      " [0.10503945 0.10850289 0.09354866 0.095973   0.09297661 0.10545858\n",
      "  0.09600484 0.10289091 0.09789231 0.10171277]\n",
      " [0.1044471  0.11729953 0.08934107 0.09409669 0.0857375  0.11626553\n",
      "  0.09015866 0.10873222 0.09758694 0.09633476]\n",
      " [0.09893212 0.09957507 0.09597192 0.10020415 0.09690929 0.10633741\n",
      "  0.09733468 0.1003329  0.10317793 0.1012245 ]\n",
      " [0.10559003 0.11166584 0.09568316 0.10118569 0.09035745 0.11476295\n",
      "  0.09186637 0.09630449 0.09669998 0.09588403]\n",
      " [0.10662995 0.10515509 0.10176257 0.09336074 0.09035365 0.10495541\n",
      "  0.08334347 0.1126818  0.09902298 0.10273429]\n",
      " [0.09789936 0.10837892 0.0872193  0.09915532 0.09765349 0.11142628\n",
      "  0.0974789  0.09462998 0.10700756 0.09915096]\n",
      " [0.11662993 0.11897796 0.08883769 0.09293376 0.07469943 0.09898923\n",
      "  0.09557854 0.10515603 0.10274331 0.10545416]\n",
      " [0.10020082 0.11770506 0.10115395 0.09292136 0.09259251 0.10840735\n",
      "  0.09226524 0.10530441 0.09302351 0.09642583]\n",
      " [0.09314679 0.10772298 0.09092343 0.0967307  0.0922738  0.11316708\n",
      "  0.09477194 0.10426591 0.10718063 0.09981668]\n",
      " [0.09663976 0.1065336  0.10063457 0.10244431 0.09012087 0.10536832\n",
      "  0.09374155 0.10734526 0.09987348 0.0972982 ]\n",
      " [0.1050688  0.10634477 0.08733505 0.10103435 0.09174423 0.11383719\n",
      "  0.09844998 0.10391285 0.09688679 0.09538597]\n",
      " [0.09175976 0.1074386  0.09202591 0.10562716 0.09360228 0.11959079\n",
      "  0.09796585 0.09881356 0.09678973 0.09638635]\n",
      " [0.09364662 0.10842636 0.1078136  0.08918504 0.08312914 0.10899875\n",
      "  0.09991756 0.1080258  0.10393829 0.09691889]\n",
      " [0.09608696 0.12001235 0.09404843 0.09785582 0.08887009 0.12453061\n",
      "  0.0820497  0.10501327 0.09784169 0.09369108]\n",
      " [0.08724742 0.11917481 0.10177388 0.09774712 0.08753666 0.11238693\n",
      "  0.0989921  0.11030229 0.0950261  0.08981261]\n",
      " [0.10495391 0.10631682 0.09550267 0.09697227 0.09923127 0.11042059\n",
      "  0.09166194 0.10531955 0.09617867 0.09344228]\n",
      " [0.1068748  0.11374862 0.09140931 0.10327206 0.08879635 0.11585023\n",
      "  0.08029658 0.10685802 0.10302372 0.08987021]\n",
      " [0.09718143 0.1148108  0.09514488 0.09551086 0.09038203 0.1112125\n",
      "  0.09669177 0.10656246 0.09616806 0.09633517]\n",
      " [0.09573686 0.11252796 0.09491407 0.10384772 0.08605283 0.10315126\n",
      "  0.09962477 0.10121599 0.10084669 0.10208187]\n",
      " [0.0990375  0.104366   0.1058185  0.09968712 0.08845843 0.11358683\n",
      "  0.0923157  0.11009699 0.09289508 0.09373794]\n",
      " [0.09616192 0.11516833 0.08987164 0.10344251 0.08702986 0.12673554\n",
      "  0.09418271 0.10132401 0.09421083 0.09187266]\n",
      " [0.09564776 0.12573871 0.09625389 0.1109483  0.08235965 0.110443\n",
      "  0.08076717 0.10615635 0.10298969 0.08869546]\n",
      " [0.10057757 0.10556058 0.0922249  0.10596107 0.088376   0.10377576\n",
      "  0.10488926 0.09738291 0.10162393 0.09962802]\n",
      " [0.09865963 0.12130608 0.09573848 0.1023567  0.08947175 0.09997445\n",
      "  0.09329454 0.1020744  0.09469196 0.10243198]\n",
      " [0.09014897 0.11648495 0.09432765 0.09524288 0.09345209 0.11069587\n",
      "  0.09936531 0.10369527 0.09491239 0.10167463]\n",
      " [0.09869552 0.12164458 0.08933394 0.09957326 0.07803213 0.10771585\n",
      "  0.1021281  0.10618018 0.10799182 0.08870468]\n",
      " [0.09969388 0.10542076 0.09817605 0.09865795 0.0943151  0.1091917\n",
      "  0.09579881 0.1025074  0.10066728 0.09557104]\n",
      " [0.09945178 0.11675566 0.0988258  0.09251767 0.09671955 0.11316182\n",
      "  0.08742564 0.09981354 0.10155959 0.09376894]\n",
      " [0.09473746 0.10897954 0.0934514  0.09046489 0.09152333 0.11876343\n",
      "  0.09263981 0.10353132 0.10911713 0.09679172]\n",
      " [0.09478385 0.10778935 0.09123868 0.09536916 0.09573187 0.09982441\n",
      "  0.10006831 0.10680471 0.11188027 0.09650943]\n",
      " [0.09615637 0.11426624 0.09192944 0.10234858 0.08585414 0.10644998\n",
      "  0.09146816 0.10978392 0.11095897 0.09078414]\n",
      " [0.09962817 0.11101806 0.09540085 0.08963788 0.09521065 0.10938948\n",
      "  0.09620374 0.09675247 0.10239786 0.1043608 ]\n",
      " [0.09411953 0.11675587 0.09474173 0.10513246 0.09051542 0.10159422\n",
      "  0.09716129 0.10155833 0.09917048 0.09925073]\n",
      " [0.09092255 0.11128458 0.09954412 0.09950057 0.08908887 0.11093025\n",
      "  0.08995604 0.10882243 0.10460262 0.09534795]\n",
      " [0.09542892 0.1108599  0.09511009 0.10002206 0.08571302 0.10735441\n",
      "  0.08429892 0.11301013 0.1109695  0.09723298]\n",
      " [0.0930008  0.10071637 0.10819482 0.10439446 0.0845508  0.11033332\n",
      "  0.08966362 0.10407384 0.1094351  0.0956369 ]\n",
      " [0.09047084 0.11134431 0.09739289 0.09676651 0.08276128 0.12202012\n",
      "  0.09342644 0.10998481 0.1065621  0.08927069]\n",
      " [0.09403328 0.11622702 0.09749109 0.1024297  0.09194519 0.10537841\n",
      "  0.08834854 0.10964886 0.10257673 0.09192117]\n",
      " [0.0937366  0.11052272 0.09832255 0.09962805 0.0832371  0.09689046\n",
      "  0.09909467 0.11764701 0.10673005 0.09419075]]\n",
      "INFO:tensorflow:step = 1, loss = 2.2932062\n",
      "INFO:tensorflow:probabilities = [[0.0000003  0.99960417 0.0001322  0.00000063 0.0001845  0.00000002\n",
      "  0.00000757 0.00003521 0.00003496 0.00000035]\n",
      " [0.00016454 0.00159298 0.90759    0.00049722 0.00000007 0.00000596\n",
      "  0.00000895 0.00000432 0.0901354  0.0000006 ]\n",
      " [0.00000709 0.00004093 0.00000038 0.00105101 0.02102956 0.00039061\n",
      "  0.00000147 0.00005466 0.00253833 0.97488594]\n",
      " [0.00019219 0.00000495 0.00000746 0.0002256  0.00044938 0.98345447\n",
      "  0.00266772 0.00000698 0.01240303 0.00058815]\n",
      " [0.9999939  0.         0.00000035 0.         0.         0.00000552\n",
      "  0.         0.         0.00000018 0.        ]\n",
      " [0.00202764 0.00000021 0.0000011  0.00071674 0.00001911 0.99190533\n",
      "  0.00004626 0.00000234 0.00484256 0.00043871]\n",
      " [0.00000001 0.00000002 0.         0.00000093 0.99918    0.00000759\n",
      "  0.00000047 0.00000126 0.00000146 0.00080814]\n",
      " [0.00000097 0.00000002 0.00000005 0.00000501 0.00258817 0.00009978\n",
      "  0.00000025 0.0032223  0.00005686 0.99402654]\n",
      " [0.00000185 0.98902714 0.00004079 0.00007825 0.00108106 0.00019771\n",
      "  0.00017985 0.00002705 0.00888629 0.00047987]\n",
      " [0.00000143 0.00000044 0.00000002 0.00000274 0.00007217 0.00000126\n",
      "  0.         0.8939432  0.00000188 0.10597695]\n",
      " [0.00019077 0.00000874 0.0000098  0.90453637 0.00000679 0.09272682\n",
      "  0.00000001 0.00002359 0.00139783 0.00109926]\n",
      " [0.99999416 0.         0.00000471 0.00000007 0.         0.00000006\n",
      "  0.00000001 0.         0.00000098 0.00000001]\n",
      " [0.00000398 0.00000094 0.00000129 0.00000039 0.9997261  0.00000026\n",
      "  0.00000191 0.00000117 0.00000093 0.00026305]\n",
      " [0.00020493 0.00000095 0.00000158 0.00001651 0.0011226  0.00001321\n",
      "  0.00000006 0.95406294 0.00017206 0.04440521]\n",
      " [0.00000345 0.00265502 0.00036802 0.01435953 0.8106002  0.02872587\n",
      "  0.00024098 0.00149722 0.0518693  0.08968034]\n",
      " [0.0000529  0.00000039 0.00000232 0.00000033 0.00000031 0.9994929\n",
      "  0.00000795 0.00000067 0.00042209 0.0000202 ]\n",
      " [0.00000039 0.9999411  0.00000215 0.00000172 0.00001317 0.00000012\n",
      "  0.0000067  0.00000113 0.00003305 0.00000042]\n",
      " [0.00000031 0.00052686 0.92334515 0.0021823  0.00002822 0.00000693\n",
      "  0.00002534 0.07324196 0.00063542 0.00000763]\n",
      " [0.         0.00000004 0.99995327 0.00000211 0.         0.\n",
      "  0.         0.         0.00004463 0.        ]\n",
      " [0.00000061 0.99963367 0.00003403 0.00000418 0.00003654 0.0000003\n",
      "  0.00001086 0.00002068 0.00024666 0.00001242]\n",
      " [0.00060283 0.00011692 0.0001508  0.00002265 0.00433355 0.00007871\n",
      "  0.00000522 0.09759554 0.00325286 0.89384085]\n",
      " [0.63961303 0.03976454 0.00817055 0.01112058 0.03378852 0.0007392\n",
      "  0.07723429 0.00215813 0.18388493 0.00352629]\n",
      " [0.00000002 0.00000013 0.00000046 0.00002007 0.00000025 0.00000036\n",
      "  0.         0.9996555  0.00002907 0.00029414]\n",
      " [0.0000131  0.00000017 0.00000563 0.00000003 0.9989839  0.00000263\n",
      "  0.00008949 0.00009866 0.00001557 0.00079082]\n",
      " [0.00005364 0.00000004 0.00000706 0.00000001 0.00001041 0.00000985\n",
      "  0.9998934  0.         0.00002535 0.00000018]\n",
      " [0.000001   0.99804187 0.00003549 0.00004613 0.00080435 0.00004046\n",
      "  0.00006937 0.00004202 0.00089227 0.00002711]\n",
      " [0.00000002 0.00000554 0.00000003 0.00000493 0.99904233 0.00003683\n",
      "  0.00000193 0.00000345 0.00011353 0.00079149]\n",
      " [0.0000456  0.00014137 0.882483   0.00110189 0.00573842 0.00000612\n",
      "  0.0000384  0.00026493 0.00807222 0.10210812]\n",
      " [0.00000865 0.00035255 0.00171455 0.34646562 0.01991522 0.18769819\n",
      "  0.00007576 0.02597881 0.41251543 0.00527524]\n",
      " [0.99997306 0.         0.00000972 0.00000003 0.         0.0000074\n",
      "  0.00000013 0.         0.00000937 0.00000031]\n",
      " [0.01392217 0.0000258  0.00017024 0.00000281 0.03022884 0.0000697\n",
      "  0.00047225 0.00805066 0.00298397 0.94407356]\n",
      " [0.00016003 0.00000458 0.00003754 0.00003074 0.00030011 0.00002184\n",
      "  0.00000015 0.88106257 0.00033491 0.11804765]\n",
      " [0.00002008 0.00032863 0.00056872 0.00013321 0.00001993 0.0000076\n",
      "  0.00000043 0.9738579  0.00012897 0.02493451]\n",
      " [0.00000065 0.9991155  0.0000157  0.00000245 0.00070651 0.00000013\n",
      "  0.00004109 0.00002909 0.00007081 0.00001822]\n",
      " [0.99998987 0.         0.00000005 0.         0.         0.00000475\n",
      "  0.0000046  0.         0.00000082 0.        ]\n",
      " [0.00000003 0.00000076 0.99876523 0.00122236 0.00000003 0.\n",
      "  0.00000001 0.00000001 0.00001149 0.00000005]\n",
      " [0.00000672 0.00000023 0.00141271 0.9960316  0.00000112 0.00069511\n",
      "  0.00000006 0.00000302 0.0018209  0.00002837]\n",
      " [0.00000002 0.00000002 0.         0.00000004 0.00011293 0.00000365\n",
      "  0.         0.9991732  0.00002523 0.00068483]\n",
      " [0.00001766 0.02669792 0.00007913 0.01054878 0.803034   0.0015615\n",
      "  0.00033367 0.04817657 0.01050085 0.09904996]\n",
      " [0.00009431 0.01125292 0.00043675 0.00035004 0.00659958 0.00019536\n",
      "  0.00002771 0.71095484 0.00633973 0.26374874]\n",
      " [0.00133079 0.00000091 0.00317621 0.0003292  0.00152834 0.00498637\n",
      "  0.00002803 0.00002088 0.93568385 0.05291544]\n",
      " [0.00088573 0.00009909 0.00670995 0.00236167 0.0000569  0.00728721\n",
      "  0.00064471 0.00000041 0.98153865 0.00041574]\n",
      " [0.00002096 0.00000816 0.00034947 0.00000916 0.00004952 0.9975439\n",
      "  0.00081906 0.0000078  0.00117418 0.00001784]\n",
      " [0.00001561 0.00000317 0.00000014 0.00000643 0.0000269  0.00002518\n",
      "  0.00000001 0.55827224 0.00007317 0.44157708]\n",
      " [0.00150018 0.00000043 0.00008218 0.9809199  0.00000002 0.01746921\n",
      "  0.00000018 0.0000007  0.00001282 0.00001437]\n",
      " [0.00038989 0.00347232 0.00012338 0.00160473 0.00170566 0.97046506\n",
      "  0.00201717 0.00170706 0.01681852 0.00169612]\n",
      " [0.00000052 0.00000001 0.00000726 0.00002575 0.9965738  0.00000032\n",
      "  0.00000102 0.00000037 0.00000025 0.00339065]\n",
      " [0.00002167 0.0000094  0.9949108  0.00446821 0.00000043 0.00000058\n",
      "  0.00000026 0.00057973 0.00000812 0.00000075]\n",
      " [0.00000128 0.00000159 0.00001117 0.00003329 0.01810983 0.00006693\n",
      "  0.00000188 0.00007886 0.00050208 0.98119307]\n",
      " [0.0000002  0.         0.00024406 0.99899787 0.00000183 0.00005665\n",
      "  0.         0.00001063 0.00067389 0.00001488]\n",
      " [0.00023362 0.         0.00000003 0.00150848 0.00000001 0.9980884\n",
      "  0.         0.00000014 0.00016769 0.00000162]\n",
      " [0.00032833 0.00070066 0.00410396 0.00040863 0.00021329 0.00072039\n",
      "  0.00202275 0.00000026 0.9914921  0.00000966]\n",
      " [0.00451346 0.00001898 0.00036413 0.00000046 0.9891115  0.00000821\n",
      "  0.00526615 0.00000221 0.00033148 0.00038335]\n",
      " [0.00012556 0.00000015 0.00158976 0.9970393  0.         0.00120777\n",
      "  0.00000003 0.00000017 0.00003727 0.00000005]\n",
      " [0.00002896 0.00000016 0.00051649 0.01140277 0.00036739 0.7958146\n",
      "  0.00000267 0.00000227 0.18828648 0.0035782 ]\n",
      " [0.00007496 0.0000001  0.00001672 0.00000012 0.00001236 0.0000254\n",
      "  0.99979514 0.         0.00007358 0.00000163]\n",
      " [0.00000066 0.0000049  0.00040295 0.9994936  0.00000005 0.00006205\n",
      "  0.00000007 0.00000067 0.00003479 0.00000024]\n",
      " [0.00006187 0.0449466  0.00035815 0.00003108 0.00212825 0.00014303\n",
      "  0.00007492 0.00032583 0.95180684 0.00012341]\n",
      " [0.99785525 0.         0.00000271 0.00000208 0.         0.00106047\n",
      "  0.00000046 0.00000004 0.00105466 0.00002435]\n",
      " [0.0000021  0.99131316 0.00016728 0.00000944 0.00729727 0.00000046\n",
      "  0.00000439 0.00037794 0.00082607 0.00000188]\n",
      " [0.00000692 0.00140966 0.00000365 0.0000211  0.00046284 0.00223054\n",
      "  0.00001046 0.00008116 0.9946891  0.00108456]\n",
      " [0.00002825 0.00012565 0.0000001  0.00002575 0.00000002 0.9992933\n",
      "  0.00000005 0.00000852 0.0005182  0.00000007]\n",
      " [0.00503197 0.3942832  0.03353773 0.00262115 0.00017776 0.24302205\n",
      "  0.11062576 0.00020562 0.21036954 0.00012522]\n",
      " [0.0000009  0.00001156 0.00000149 0.00000705 0.00002317 0.00000255\n",
      "  0.         0.97694767 0.00021003 0.02279565]\n",
      " [0.00000382 0.00000002 0.00002261 0.0000021  0.9988814  0.00000238\n",
      "  0.00022456 0.00000145 0.00000842 0.00085316]\n",
      " [0.00000956 0.00095538 0.00214373 0.00065856 0.00244809 0.00084841\n",
      "  0.00001299 0.00069383 0.8679367  0.12429281]\n",
      " [0.0001634  0.00001049 0.00001442 0.00001087 0.0000275  0.00017337\n",
      "  0.00000019 0.82370627 0.00032275 0.17557071]\n",
      " [0.00000566 0.00000025 0.00001255 0.00000367 0.00268197 0.00004885\n",
      "  0.00000109 0.00001528 0.00008367 0.997147  ]\n",
      " [0.00000176 0.9986778  0.00035547 0.00000778 0.00039103 0.00000039\n",
      "  0.00005156 0.00018488 0.00032888 0.00000047]\n",
      " [0.00001463 0.99566036 0.00004117 0.00001517 0.0027983  0.00001297\n",
      "  0.00079382 0.00008488 0.00053411 0.00004455]\n",
      " [0.00129346 0.00000782 0.01949343 0.00047753 0.0000108  0.04301133\n",
      "  0.00057997 0.00000261 0.9349865  0.00013659]\n",
      " [0.00000003 0.00000039 0.99775094 0.00223897 0.         0.\n",
      "  0.         0.         0.00000968 0.        ]\n",
      " [0.00656651 0.00035944 0.00284634 0.01095905 0.08911887 0.02533024\n",
      "  0.00048051 0.00082414 0.26630574 0.59720916]\n",
      " [0.00006769 0.00096366 0.00193951 0.00024556 0.00001085 0.00019087\n",
      "  0.00001809 0.0000121  0.9964819  0.00006974]\n",
      " [0.00005595 0.0000013  0.000013   0.00000037 0.00091963 0.00006327\n",
      "  0.99893385 0.00000002 0.0000073  0.00000536]\n",
      " [0.00000456 0.00003173 0.00016135 0.99828917 0.00000011 0.00150664\n",
      "  0.00000002 0.00000389 0.00000171 0.00000079]\n",
      " [0.00015394 0.00000036 0.00145799 0.00000105 0.39704058 0.0000748\n",
      "  0.6012396  0.00000248 0.00001522 0.00001385]\n",
      " [0.00000024 0.         0.         0.00000005 0.00000003 0.00000051\n",
      "  0.         0.99980813 0.00000101 0.00019004]\n",
      " [0.99561995 0.00000001 0.00109134 0.00000106 0.         0.00322052\n",
      "  0.00006388 0.00000004 0.00000305 0.00000014]\n",
      " [0.0000006  0.00000043 0.00000054 0.00000264 0.9931276  0.00000681\n",
      "  0.000011   0.00000081 0.00000794 0.00684157]\n",
      " [0.00595404 0.00000005 0.00000035 0.00000827 0.00005521 0.00058884\n",
      "  0.00000001 0.7917321  0.00003375 0.20162739]\n",
      " [0.98362595 0.00000085 0.00435746 0.00003128 0.00000399 0.00002406\n",
      "  0.00036105 0.0000702  0.01091424 0.00061095]\n",
      " [0.00000095 0.         0.9999517  0.00004712 0.         0.\n",
      "  0.00000018 0.         0.00000006 0.        ]\n",
      " [0.9999683  0.         0.00000065 0.00000001 0.         0.00001157\n",
      "  0.         0.00000001 0.00001899 0.00000038]\n",
      " [0.00071321 0.00000019 0.00097166 0.0000875  0.00003098 0.00770826\n",
      "  0.00001221 0.00000233 0.98551303 0.00496071]\n",
      " [0.00115292 0.00000003 0.00000556 0.00000018 0.00001522 0.0494649\n",
      "  0.93756104 0.         0.01178697 0.00001316]\n",
      " [0.99985075 0.         0.         0.         0.         0.00014559\n",
      "  0.         0.         0.00000363 0.00000009]\n",
      " [0.000007   0.9885437  0.00013216 0.00002525 0.00909464 0.00000043\n",
      "  0.00005846 0.00198266 0.00012151 0.00003419]\n",
      " [0.9999951  0.         0.00000011 0.00000005 0.         0.00000382\n",
      "  0.00000029 0.         0.0000005  0.00000008]\n",
      " [0.00020678 0.00007832 0.00122039 0.00000817 0.00185188 0.00096498\n",
      "  0.99517524 0.00000009 0.00041579 0.00007836]\n",
      " [0.00000081 0.9993765  0.00003378 0.00001097 0.00036447 0.00000367\n",
      "  0.00011159 0.00000998 0.00008226 0.00000585]\n",
      " [0.17159124 0.00000093 0.00115766 0.00001688 0.01969611 0.00026842\n",
      "  0.80557346 0.00000778 0.00038382 0.00130361]\n",
      " [0.00004892 0.03423484 0.00203425 0.0064425  0.38564375 0.2451146\n",
      "  0.01198771 0.00005167 0.2516254  0.06281641]\n",
      " [0.00000042 0.9962483  0.00005388 0.0000897  0.00081689 0.00003111\n",
      "  0.00003163 0.00019463 0.00219117 0.00034211]\n",
      " [0.3154108  0.00043067 0.00313136 0.00474877 0.00007262 0.01103373\n",
      "  0.0006685  0.00658896 0.62820995 0.02970462]\n",
      " [0.00000003 0.         0.00000001 0.00000039 0.         0.\n",
      "  0.         0.99998736 0.00000005 0.00001211]\n",
      " [0.01281105 0.00000034 0.00024895 0.00000332 0.00005996 0.00773296\n",
      "  0.97894466 0.00000009 0.00018218 0.00001648]\n",
      " [0.00000314 0.00104415 0.00001227 0.00009894 0.97435683 0.0002281\n",
      "  0.00044569 0.00027887 0.00203144 0.02150054]\n",
      " [0.99991846 0.         0.00004775 0.00000134 0.00000001 0.0000023\n",
      "  0.00000212 0.00000007 0.00002533 0.0000026 ]\n",
      " [0.00000001 0.         0.00000053 0.99995005 0.         0.00004218\n",
      "  0.         0.00000007 0.00000722 0.00000001]] (0.445 sec)\n",
      "INFO:tensorflow:global_step/sec: 128.369\n",
      "INFO:tensorflow:probabilities = [[0.01175379 0.0040465  0.0779966  0.7928405  0.00001435 0.00543713\n",
      "  0.00149932 0.00000369 0.10640378 0.00000439]\n",
      " [0.00000008 0.00000232 0.00007584 0.00000212 0.00000001 0.00000004\n",
      "  0.         0.99979705 0.00000053 0.00012207]\n",
      " [0.00001626 0.00001048 0.00033139 0.03395116 0.00000002 0.00062721\n",
      "  0.00000093 0.00000759 0.9650365  0.00001842]\n",
      " [0.00002092 0.00000235 0.00000127 0.00059689 0.01382718 0.00035483\n",
      "  0.00000859 0.00145341 0.00137259 0.982362  ]\n",
      " [0.0000759  0.00000011 0.00004117 0.00000004 0.00000061 0.002481\n",
      "  0.9889535  0.         0.00844746 0.00000022]\n",
      " [0.00022765 0.00000007 0.00041292 0.00024239 0.00192109 0.00001565\n",
      "  0.00000157 0.17375292 0.00076374 0.822662  ]\n",
      " [0.00000006 0.00000014 0.00000014 0.00000029 0.99329823 0.00000475\n",
      "  0.00001532 0.00004683 0.00010023 0.00653411]\n",
      " [0.00000039 0.00000008 0.00000121 0.00001998 0.00001844 0.00001808\n",
      "  0.00000002 0.00502305 0.00015836 0.99476045]\n",
      " [0.00010405 0.00032428 0.00551987 0.11157295 0.00003729 0.04131932\n",
      "  0.00000535 0.0649502  0.7703693  0.00579733]\n",
      " [0.         0.0000012  0.9998473  0.00015086 0.00000009 0.00000001\n",
      "  0.00000001 0.0000004  0.00000003 0.00000012]\n",
      " [0.00000409 0.99961686 0.00000371 0.00004213 0.00007346 0.00002458\n",
      "  0.00007821 0.00000832 0.00012012 0.00002843]\n",
      " [0.00000068 0.9998223  0.00001617 0.00000383 0.00008888 0.00000022\n",
      "  0.00001717 0.00000861 0.00003284 0.00000928]\n",
      " [0.00313808 0.00000528 0.00066004 0.00000156 0.00568747 0.00279437\n",
      "  0.98747665 0.00000323 0.00004237 0.00019101]\n",
      " [0.00000739 0.00000002 0.00001198 0.00000554 0.00000808 0.00000706\n",
      "  0.00000003 0.00192514 0.00002736 0.99800736]\n",
      " [0.00000776 0.00000038 0.00000006 0.00115226 0.00031421 0.00248975\n",
      "  0.00000055 0.00005185 0.01040603 0.98557705]\n",
      " [0.00000225 0.00000004 0.0000046  0.00000483 0.00027771 0.00001414\n",
      "  0.0000002  0.00216643 0.00061129 0.99691844]\n",
      " [0.00000388 0.00000082 0.00017442 0.00035003 0.00000186 0.00033094\n",
      "  0.00000373 0.00001144 0.9975471  0.00157572]\n",
      " [0.         0.00000004 0.00004978 0.9998841  0.         0.00000622\n",
      "  0.         0.00000473 0.00001858 0.0000365 ]\n",
      " [0.00000011 0.00000472 0.0000008  0.00000064 0.99984765 0.00000061\n",
      "  0.000008   0.0000529  0.00000702 0.00007754]\n",
      " [0.00000355 0.00000198 0.00000123 0.00002466 0.8266717  0.00002596\n",
      "  0.0000034  0.00005936 0.00012831 0.17307988]\n",
      " [0.00003007 0.00000652 0.00003352 0.00000556 0.9838585  0.0005323\n",
      "  0.00071415 0.00000189 0.00053273 0.01428467]\n",
      " [0.000025   0.00000053 0.00000263 0.00000738 0.74769306 0.00000356\n",
      "  0.00001087 0.00015211 0.00011844 0.2519864 ]\n",
      " [0.00000038 0.00000007 0.00000055 0.00000208 0.00001095 0.00001034\n",
      "  0.00000006 0.00005595 0.00035131 0.9995683 ]\n",
      " [0.00007081 0.00000271 0.00000457 0.01104654 0.00000017 0.9863172\n",
      "  0.00000479 0.00000033 0.00252599 0.00002683]\n",
      " [0.00000005 0.00021319 0.99809915 0.00168348 0.         0.00000001\n",
      "  0.         0.00000129 0.00000281 0.        ]\n",
      " [0.00002174 0.00000006 0.00000184 0.00000001 0.00002638 0.00023779\n",
      "  0.9996364  0.         0.00007498 0.00000075]\n",
      " [0.99139714 0.00010357 0.0006239  0.00157993 0.00000932 0.00020791\n",
      "  0.00039621 0.00009315 0.00532142 0.00026754]\n",
      " [0.00000356 0.00015875 0.00000096 0.00122162 0.00043432 0.00029738\n",
      "  0.00000026 0.00183221 0.00041508 0.9956359 ]\n",
      " [0.0000086  0.00003556 0.95264477 0.04698773 0.00000034 0.00000063\n",
      "  0.0000015  0.0000094  0.00030786 0.00000353]\n",
      " [0.00019465 0.00000448 0.00001    0.0000037  0.00118484 0.00165681\n",
      "  0.9958418  0.00000005 0.00108088 0.0000228 ]\n",
      " [0.4097497  0.00050675 0.3955271  0.14710365 0.00649191 0.00040867\n",
      "  0.00047485 0.0182955  0.00739568 0.01404626]\n",
      " [0.9999875  0.         0.00000028 0.00000087 0.         0.00000339\n",
      "  0.00000008 0.00000005 0.00000679 0.00000094]\n",
      " [0.9999577  0.00000001 0.00002721 0.00000234 0.00000007 0.00000133\n",
      "  0.00000701 0.00000028 0.00000112 0.0000029 ]\n",
      " [0.00000103 0.99956805 0.00000659 0.00001764 0.00008676 0.00000337\n",
      "  0.00001601 0.00006333 0.00012889 0.00010838]\n",
      " [0.0000002  0.00000365 0.0000085  0.00105659 0.00000037 0.99628735\n",
      "  0.0015273  0.00000001 0.00111528 0.00000083]\n",
      " [0.00002674 0.00118021 0.00003382 0.00041362 0.92151994 0.00023397\n",
      "  0.00045005 0.00040299 0.04533596 0.03040268]\n",
      " [0.00000004 0.00000006 0.00000002 0.00000006 0.9997558  0.00000009\n",
      "  0.00000137 0.00000013 0.00002137 0.00022091]\n",
